0.000000000000000000e+00 1.653999999999999915e+00
5.555555555555555802e-01 3.748197530864197269e+00
1.111111111111111160e+00 6.987456790123456329e+00
1.666666666666666741e+00 1.137177777777777976e+01
2.222222222222222321e+00 1.690116049382716312e+01
2.777777777777777679e+00 2.357560493827160286e+01
3.333333333333333481e+00 3.139511111111111319e+01
3.888888888888889284e+00 4.035967901234567989e+01
4.444444444444444642e+00 5.046930864197531719e+01
5.000000000000000000e+00 6.172400000000000375e+01
