0.000000000000000000e+00 -2.757421875000000000e+01 -2.757421875000000000e+01
2.343750000000010647e-10 -3.557421875000000000e+01 1.565946033130213982e+04
4.687499999999988207e-10 -3.257421875000000000e+01 2.433673584244012090e+04
7.031249999999998855e-10 3.425781250000000000e+00 2.248808247216120799e+04
9.375000000000009502e-10 8.742578125000000000e+01 1.168758281934250772e+04
1.171874999999998706e-09 2.334257812500000000e+02 -2.455488212229768124e+03
1.406249999999999771e-09 4.384257812500000000e+02 -1.336362884603297607e+04
1.640625000000000836e-09 7.044257812500000000e+02 -1.676873442207666085e+04
1.875000000000001900e-09 1.056425781250000000e+03 -1.247503579539930251e+04
2.109374999999999656e-09 1.510425781250000000e+03 -3.855064190648464773e+03
2.343750000000000721e-09 2.104425781250000000e+03 4.484614014018153284e+03
2.578125000000001786e-09 2.858425781250000000e+03 9.261573328851021870e+03
2.812499999999999542e-09 3.749425781250000000e+03 9.918213585389472428e+03
3.046875000000000607e-09 4.655425781250000000e+03 8.200875555231252292e+03
3.281250000000001671e-09 5.381425781250000000e+03 6.526836958019542180e+03
3.515624999999999427e-09 5.773425781250000000e+03 6.332386193493164683e+03
3.750000000000000492e-09 5.745425781250000000e+03 7.310287071883882163e+03
3.984375000000001557e-09 5.237425781250000000e+03 7.888094090521125509e+03
4.218749999999999313e-09 4.204425781250000000e+03 6.517250552648902158e+03
4.453125000000000378e-09 2.609425781250000000e+03 2.789653031912246206e+03
4.687500000000001442e-09 4.954257812500000000e+02 -2.266838021710885187e+03
4.921874999999999198e-09 -2.027574218750000000e+03 -6.928374706770868215e+03
5.156250000000000263e-09 -4.781574218750000000e+03 -9.869011659529918688e+03
5.390625000000001328e-09 -7.499574218750000000e+03 -1.083617088777708523e+04
5.624999999999999084e-09 -9.955574218750000000e+03 -1.065557052011295673e+04
5.859375000000000148e-09 -1.197757421875000000e+04 -1.046762382639215502e+04
6.093750000000001213e-09 -1.340457421875000000e+04 -1.084919440692883109e+04
6.328125000000002278e-09 -1.407157421875000000e+04 -1.147824352604477099e+04
6.562500000000000034e-09 -1.387057421875000000e+04 -1.154952217697694141e+04
6.796875000000001099e-09 -1.277157421875000000e+04 -1.049217453481528537e+04
7.031250000000002163e-09 -1.083657421875000000e+04 -8.465450669595324143e+03
7.265624999999999919e-09 -8.244574218750000000e+03 -6.282995960949200708e+03
7.500000000000000984e-09 -5.288574218750000000e+03 -4.809834776519969637e+03
7.734375000000002049e-09 -2.260574218750000000e+03 -4.213801180133189519e+03
7.968749999999999805e-09 6.074257812500000000e+02 -3.746821460151180872e+03
8.203125000000000870e-09 3.095425781250000000e+03 -2.286136925132474516e+03
8.437500000000001934e-09 5.050425781250000000e+03 8.637466056638918417e+02
8.671874999999999690e-09 6.399425781250000000e+03 5.334208277292991625e+03
8.906250000000000755e-09 7.133425781250000000e+03 9.700725971920599477e+03
9.140625000000001820e-09 7.299425781250000000e+03 1.221373187587262146e+04
9.375000000000002884e-09 6.995425781250000000e+03 1.181907597464170067e+04
9.609375000000000640e-09 6.347425781250000000e+03 8.817389386171880687e+03
9.843750000000001705e-09 5.507425781250000000e+03 4.770847554990813478e+03
1.007812500000000277e-08 4.600425781250000000e+03 1.628620401145132746e+03
1.031250000000000053e-08 3.712425781250000000e+03 6.540598616585799618e+02
1.054687500000000159e-08 2.903425781250000000e+03 1.771165182080536852e+03
1.078125000000000266e-08 2.196425781250000000e+03 3.669857426146822036e+03
1.101562500000000041e-08 1.618425781250000000e+03 4.661542061571605700e+03
1.125000000000000148e-08 1.142425781250000000e+03 3.641085664980954789e+03
1.148437500000000254e-08 7.644257812500000000e+02 7.932750154893418539e+02
1.171875000000000030e-08 4.964257812500000000e+02 -2.523216192924111056e+03
1.195312500000000136e-08 3.604257812500000000e+02 -4.542502290973920935e+03
1.218750000000000243e-08 3.894257812500000000e+02 -4.055920186348461812e+03
1.242187500000000018e-08 5.944257812500000000e+02 -1.081192457856256397e+03
1.265625000000000125e-08 9.744257812500000000e+02 3.163165825996458807e+03
1.289062500000000231e-08 1.491425781250000000e+03 6.856000845890151140e+03
1.312500000000000007e-08 2.034425781250000000e+03 8.415084726610490179e+03
1.335937500000000113e-08 2.492425781250000000e+03 7.253221567974443133e+03
1.359375000000000220e-08 2.795425781250000000e+03 3.998215215291955701e+03
1.382812500000000326e-08 2.897425781250000000e+03 1.124753030658918078e+02
1.406250000000000102e-08 2.767425781250000000e+03 -2.807916263012857144e+03
1.429687500000000208e-08 2.406425781250000000e+03 -3.704392045151729235e+03
1.453125000000000315e-08 1.888425781250000000e+03 -2.410878228780342397e+03
1.476562500000000090e-08 1.281425781250000000e+03 2.954566269162853587e+02
1.500000000000000197e-08 6.054257812500000000e+02 3.052542048769543726e+03
1.523437499999999972e-08 -6.457421875000000000e+01 4.599325175435042183e+03
1.546875000000000410e-08 -6.545742187500000000e+02 4.244985148003137510e+03
1.570312500000000185e-08 -1.129574218750000000e+03 2.098073974083424218e+03
1.593749999999999961e-08 -1.483574218750000000e+03 -1.005934169678823764e+03
1.617187500000000398e-08 -1.702574218750000000e+03 -3.852114814074850528e+03
1.640625000000000174e-08 -1.798574218750000000e+03 -5.398522052628003621e+03
1.664062499999999950e-08 -1.773574218750000000e+03 -5.170332402575434571e+03
1.687500000000000387e-08 -1.649574218750000000e+03 -3.449312873445304376e+03
1.710937500000000162e-08 -1.433574218750000000e+03 -1.068066900987111239e+03
1.734374999999999938e-08 -1.106574218750000000e+03 1.008937006028485484e+03
1.757812500000000375e-08 -7.465742187500000000e+02 2.006557379633063647e+03
1.781250000000000151e-08 -4.005742187500000000e+02 1.739206766769683554e+03
1.804687499999999927e-08 -6.857421875000000000e+01 6.165243436973285043e+02
1.828125000000000364e-08 2.254257812500000000e+02 -6.827934692826663650e+02
1.851562500000000140e-08 4.214257812500000000e+02 -1.568601409912293548e+03
1.875000000000000577e-08 5.134257812500000000e+02 -1.707603317807019266e+03
1.898437500000000352e-08 5.244257812500000000e+02 -1.115874414701538626e+03
1.921875000000000128e-08 4.754257812500000000e+02 -8.144469734454730769e+01
1.945312500000000565e-08 3.484257812500000000e+02 9.808915531996130994e+02
1.968750000000000341e-08 1.794257812500000000e+02 1.767404867648215713e+03
1.992187500000000117e-08 2.642578125000000000e+01 2.110509931688270171e+03
2.015625000000000554e-08 -1.475742187500000000e+02 1.857290472673069416e+03
2.039062500000000330e-08 -3.085742187500000000e+02 1.030169830748848426e+03
2.062500000000000105e-08 -4.285742187500000000e+02 -2.233603499045930789e+02
2.085937500000000543e-08 -5.125742187500000000e+02 -1.626050412844006132e+03
2.109375000000000318e-08 -5.595742187500000000e+02 -2.759138193613075600e+03
2.132812500000000094e-08 -5.765742187500000000e+02 -3.202831160600581370e+03
2.156250000000000531e-08 -5.535742187500000000e+02 -2.704383459533130008e+03
2.179687500000000307e-08 -4.815742187500000000e+02 -1.354028159829158085e+03
2.203125000000000082e-08 -3.445742187500000000e+02 4.102626030884541137e+02
2.226562500000000520e-08 -1.585742187500000000e+02 1.936163920226935261e+03
2.250000000000000295e-08 6.842578125000000000e+01 2.684471319250005308e+03
2.273437500000000071e-08 3.154257812500000000e+02 2.461542602791877925e+03
2.296875000000000508e-08 5.734257812500000000e+02 1.522215605120861937e+03
2.320312500000000284e-08 8.164257812500000000e+02 3.971059630670198999e+02
2.343750000000000059e-08 1.006425781250000000e+03 -3.873314454421879418e+02
2.367187500000000497e-08 1.106425781250000000e+03 -5.624425404426713158e+02
2.390625000000000272e-08 1.070425781250000000e+03 -2.332691446348272848e+02
2.414062500000000048e-08 8.604257812500000000e+02 2.348793029444571232e+02
2.437500000000000485e-08 5.714257812500000000e+02 5.621562014411890686e+02
2.460937500000000261e-08 2.394257812500000000e+02 5.653683511154697499e+02
2.484375000000000036e-08 -7.557421875000000000e+01 3.125044689476002304e+02
2.507812500000000474e-08 -4.015742187500000000e+02 -6.855233227165984999e+01
2.531250000000000249e-08 -7.265742187500000000e+02 -4.146640698284681434e+02
2.554687500000000025e-08 -1.104574218750000000e+03 -7.457347423554414263e+02
2.578125000000000462e-08 -1.558574218750000000e+03 -1.168360129363969918e+03
2.601562500000000238e-08 -2.167574218750000000e+03 -1.866707371052475310e+03
2.625000000000000014e-08 -2.936574218750000000e+03 -2.862883254207754817e+03
2.648437500000000451e-08 -3.738574218750000000e+03 -3.923902725834738703e+03
2.671875000000000227e-08 -4.409574218750000000e+03 -4.725637097947660550e+03
2.695312500000000664e-08 -4.698574218750000000e+03 -4.926279362736174335e+03
2.718750000000000439e-08 -4.440574218750000000e+03 -4.424792139388091528e+03
2.742187500000000215e-08 -3.521574218750000000e+03 -3.303659392458260754e+03
2.765625000000000652e-08 -1.908574218750000000e+03 -1.732834878614650506e+03
2.789062500000000428e-08 2.684257812500000000e+02 9.954035631401370665e+01
2.812500000000000204e-08 2.790425781250000000e+03 2.134054855604054410e+03
2.835937500000000641e-08 5.342425781250000000e+03 4.367290964468554193e+03
2.859375000000000417e-08 7.608425781250000000e+03 6.768358357685660849e+03
2.882812500000000192e-08 9.262425781250000000e+03 9.080225988541726110e+03
2.906250000000000629e-08 1.006042578125000000e+04 1.082910965512157054e+04
2.929687500000000405e-08 9.843425781250000000e+03 1.141470724551090825e+04
2.953125000000000181e-08 8.603425781250000000e+03 1.039855055975971300e+04
2.976562500000000618e-08 6.557425781250000000e+03 7.817508519779578819e+03
3.000000000000000394e-08 4.066425781250000000e+03 4.222570211592812484e+03
3.023437500000000169e-08 1.386425781250000000e+03 3.530109247167781632e+02
3.046875000000000607e-08 -1.193574218750000000e+03 -2.967586232362019018e+03
3.070312500000000382e-08 -3.449574218750000000e+03 -5.208228601190138761e+03
3.093750000000000158e-08 -5.218574218750000000e+03 -6.285830784693995156e+03
3.117187500000000595e-08 -6.413574218750000000e+03 -6.524674856483099575e+03
3.140625000000000371e-08 -7.000574218750000000e+03 -6.388953314039144061e+03
3.164062500000000146e-08 -6.990574218750000000e+03 -6.181327590779532329e+03
3.187500000000000584e-08 -6.543574218750000000e+03 -5.982168670312613358e+03
3.210937500000000359e-08 -5.752574218750000000e+03 -5.506667166533359705e+03
3.234375000000000135e-08 -4.924574218750000000e+03 -4.663050907858981191e+03
3.257812500000000572e-08 -4.110574218750000000e+03 -3.394337308532574298e+03
3.281250000000000348e-08 -3.203574218750000000e+03 -1.911622636375272123e+03
3.304687500000000123e-08 -2.296574218750000000e+03 -8.915439187974698143e+02
3.328125000000000561e-08 -1.549574218750000000e+03 -9.507538513015367698e+02
3.351562500000000336e-08 -9.305742187500000000e+02 -1.994284871741404004e+03
3.375000000000000774e-08 -3.075742187500000000e+02 -3.186918507562038030e+03
3.398437500000000549e-08 3.724257812500000000e+02 -3.422007053885802179e+03
3.421875000000000325e-08 1.066425781250000000e+03 -1.930164128280795239e+03
3.445312500000000762e-08 1.747425781250000000e+03 1.264482946505899690e+03
3.468750000000000538e-08 2.256425781250000000e+03 5.017897350831429321e+03
3.492187500000000313e-08 2.548425781250000000e+03 7.702939447465319972e+03
3.515625000000000751e-08 2.766425781250000000e+03 8.094621678557086852e+03
3.539062500000000526e-08 2.838425781250000000e+03 5.770052828404132015e+03
3.562500000000000302e-08 2.650425781250000000e+03 1.597653246504135268e+03
3.585937500000000739e-08 2.292425781250000000e+03 -2.427274465259596582e+03
3.609375000000000515e-08 1.966425781250000000e+03 -4.242139083135431974e+03
3.632812500000000291e-08 1.533425781250000000e+03 -3.180922906879209222e+03
3.656250000000000728e-08 8.644257812500000000e+02 -1.005240815423084086e+02
3.679687500000000504e-08 1.284257812500000000e+02 3.262325639275130925e+03
3.703125000000000279e-08 -5.715742187500000000e+02 4.941991874419992200e+03
3.726562500000000716e-08 -1.222574218750000000e+03 3.832460198835691244e+03
3.750000000000000492e-08 -1.716574218750000000e+03 4.514658516634378884e+02
3.773437500000000268e-08 -1.972574218750000000e+03 -3.462537919003715160e+03
3.796875000000000705e-08 -2.006574218750000000e+03 -5.986535734359203161e+03
3.820312500000000481e-08 -1.725574218750000000e+03 -5.884861990839094688e+03
3.843750000000000256e-08 -1.323574218750000000e+03 -3.568918241925515758e+03
3.867187500000000694e-08 -8.375742187500000000e+02 -4.009351616404775882e+02
3.890625000000000469e-08 -2.015742187500000000e+02 2.123261521440601882e+03
3.914062500000000245e-08 3.274257812500000000e+02 2.878175205585046115e+03
3.937500000000000682e-08 6.774257812500000000e+02 2.039191790571514275e+03
3.960937500000000458e-08 1.026425781250000000e+03 8.426404673021581857e+02
3.984375000000000233e-08 1.144425781250000000e+03 1.444080656443888699e+02
4.007812500000000671e-08 1.132425781250000000e+03 4.362360609561341107e+02
4.031250000000000446e-08 1.194425781250000000e+03 1.425321585182683521e+03
4.054687500000000222e-08 1.275425781250000000e+03 2.107138165048456813e+03
4.078125000000000659e-08 1.339425781250000000e+03 1.779273766828344378e+03
4.101562500000000435e-08 1.240425781250000000e+03 4.299530395802923977e+02
4.125000000000000210e-08 8.424257812500000000e+02 -1.202283310936800490e+03
4.148437500000000648e-08 2.294257812500000000e+02 -2.016918302738803504e+03
4.171875000000000423e-08 -4.105742187500000000e+02 -1.396101687765313955e+03
4.195312500000000861e-08 -8.965742187500000000e+02 3.235095330735395578e+02
4.218750000000000636e-08 -1.001574218750000000e+03 2.164300019231208807e+03
4.242187500000000412e-08 -8.845742187500000000e+02 2.798661830932543126e+03
4.265625000000000849e-08 -8.945742187500000000e+02 1.467186212157884256e+03
4.289062500000000625e-08 -9.105742187500000000e+02 -1.099372891304389441e+03
4.312500000000000400e-08 -8.245742187500000000e+02 -3.517997876225006166e+03
4.335937500000000838e-08 -6.245742187500000000e+02 -4.569722972099317303e+03
4.359375000000000613e-08 -5.915742187500000000e+02 -4.044233214574080193e+03
4.382812500000000389e-08 -4.915742187500000000e+02 -2.113354136408534032e+03
4.406250000000000826e-08 -3.675742187500000000e+02 2.200172173594231708e+02
4.429687500000000602e-08 -2.735742187500000000e+02 1.980365641401974472e+03
4.453125000000000378e-08 -1.305742187500000000e+02 2.807052981487831858e+03
4.476562500000000815e-08 -1.755742187500000000e+02 2.555312824079790062e+03
4.500000000000000590e-08 -3.575742187500000000e+02 1.615105992631021536e+03
4.523437500000000366e-08 -2.765742187500000000e+02 6.376633733310362686e+02
4.546875000000000142e-08 2.842578125000000000e+01 -3.571033343138640817e+02
4.570312500000001241e-08 3.342578125000000000e+01 -1.844223241650622185e+03
4.593750000000001016e-08 -2.735742187500000000e+02 -3.529643794094430632e+03
4.617187500000000792e-08 -5.895742187500000000e+02 -4.490271498292353499e+03
4.640625000000000568e-08 -8.835742187500000000e+02 -4.055461520468296840e+03
4.664062500000000343e-08 -9.795742187500000000e+02 -1.886337256220049539e+03
4.687500000000000119e-08 -9.735742187500000000e+02 1.267919946273086225e+03
4.710937500000001218e-08 -6.795742187500000000e+02 4.256514508943330839e+03
4.734375000000000993e-08 -2.485742187500000000e+02 5.535263325544829058e+03
4.757812500000000769e-08 1.284257812500000000e+02 4.258570876999660868e+03
4.781250000000000545e-08 2.694257812500000000e+02 8.014862150121323339e+02
4.804687500000000320e-08 5.942578125000000000e+01 -3.365657038337150425e+03
4.828125000000000096e-08 -8.574218750000000000e+00 -5.920313025573494087e+03
4.851562500000001195e-08 6.242578125000000000e+01 -5.743331016865757192e+03
4.875000000000000971e-08 -5.742187500000000000e-01 -3.262916623676308973e+03
4.898437500000000746e-08 -1.115742187500000000e+02 3.087325325412269308e+02
4.921875000000000522e-08 -1.065742187500000000e+02 3.430489748529002100e+03
4.945312500000000297e-08 8.242578125000000000e+01 4.942784457632175872e+03
4.968750000000000073e-08 1.014257812500000000e+02 4.265695621185208438e+03
4.992187500000001172e-08 1.442578125000000000e+01 2.155185514329073612e+03
5.015625000000000948e-08 -1.565742187500000000e+02 -3.040727829111179403e+02
5.039062500000000723e-08 -2.657421875000000000e+01 -1.900041258416806158e+03
5.062500000000000499e-08 5.534257812500000000e+02 -2.184924719510140676e+03
5.085937500000000274e-08 1.313425781250000000e+03 -1.538199504744054821e+03
5.109375000000000050e-08 1.884425781250000000e+03 -5.196244797703483300e+02
5.132812500000001149e-08 2.042425781250000000e+03 5.883058038805670549e+02
5.156250000000000925e-08 2.140425781250000000e+03 2.136571386349080967e+03
5.179687500000000700e-08 2.066425781250000000e+03 3.804779950174860460e+03
5.203125000000000476e-08 1.798425781250000000e+03 4.995805454886353800e+03
5.226562500000000252e-08 1.213425781250000000e+03 4.818780377146551473e+03
5.250000000000001351e-08 6.394257812500000000e+02 3.113009505511759016e+03
5.273437500000001126e-08 2.904257812500000000e+02 3.394547419120339100e+02
5.296875000000000902e-08 -3.057421875000000000e+01 -2.651252181305301292e+03
5.320312500000000677e-08 -2.425742187500000000e+02 -4.405540796400362524e+03
5.343750000000000453e-08 -2.115742187500000000e+02 -3.880502139499944860e+03
5.367187500000000229e-08 4.642578125000000000e+01 -1.258043632663331209e+03
5.390625000000001328e-08 3.124257812500000000e+02 2.001506613498992692e+03
5.414062500000001103e-08 3.104257812500000000e+02 3.980440723241469186e+03
5.437500000000000879e-08 2.474257812500000000e+02 3.812051143500196758e+03
5.460937500000000655e-08 6.114257812500000000e+02 2.135564381454149498e+03
5.484375000000000430e-08 8.424257812500000000e+02 -3.220374399020461169e+02
5.507812500000000206e-08 1.025425781250000000e+03 -1.853611604227913858e+03
5.531250000000001305e-08 1.069425781250000000e+03 -1.604317511209266286e+03
5.554687500000001080e-08 9.354257812500000000e+02 8.367628803902324819e+01
5.578125000000000856e-08 4.064257812500000000e+02 1.679134169735607884e+03
5.601562500000000632e-08 -2.365742187500000000e+02 2.028602183473452442e+03
5.625000000000000407e-08 -2.665742187500000000e+02 1.258116225877281067e+03
5.648437500000000183e-08 -1.655742187500000000e+02 -4.990314377100287402e+02
5.671875000000001282e-08 -2.855742187500000000e+02 -2.205605179916331963e+03
5.695312500000001057e-08 -3.555742187500000000e+02 -2.395713905622655602e+03
5.718750000000000833e-08 -4.925742187500000000e+02 -1.024474392984717269e+03
5.742187500000000609e-08 -3.855742187500000000e+02 1.211963921743344144e+03
5.765625000000000384e-08 -3.675742187500000000e+02 2.473427533426092850e+03
5.789062500000000160e-08 -7.325742187500000000e+02 1.489963061802768379e+03
5.812500000000001259e-08 -6.815742187500000000e+02 -6.860814128885393757e+02
5.835937500000001035e-08 -6.445742187500000000e+02 -3.118828173164323289e+03
5.859375000000000810e-08 -5.605742187500000000e+02 -4.140831915680793827e+03
5.882812500000000586e-08 -4.365742187500000000e+02 -2.970984720030209246e+03
5.906250000000000361e-08 -4.245742187500000000e+02 -3.348878005248434988e+02
5.929687500000000137e-08 -8.695742187500000000e+02 1.828328568158694679e+03
5.953125000000001236e-08 -7.715742187500000000e+02 2.916501526676086087e+03
5.976562500000001012e-08 -2.375742187500000000e+02 2.238048688512865283e+03
6.000000000000000787e-08 -1.615742187500000000e+02 -2.991509730912986811e+02
6.023437500000000563e-08 -2.405742187500000000e+02 -2.731223049937076667e+03
6.046875000000000338e-08 -2.655742187500000000e+02 -3.405151819542239082e+03
6.070312500000001438e-08 -6.425742187500000000e+02 -2.419318265485817392e+03
6.093750000000001213e-08 -8.525742187500000000e+02 -2.501663540145100910e+02
6.117187500000000989e-08 -9.155742187500000000e+02 1.467727297453832307e+03
6.140625000000000764e-08 -8.565742187500000000e+02 1.549758889439648328e+03
6.164062500000000540e-08 -8.605742187500000000e+02 -1.397060340212944993e+02
6.187500000000000316e-08 -9.875742187500000000e+02 -2.459302337425493079e+03
6.210937500000001415e-08 -1.019574218750000000e+03 -3.657213599172724116e+03
6.234375000000001190e-08 -1.133574218750000000e+03 -3.076772515165921504e+03
6.257812500000000966e-08 -1.245574218750000000e+03 -1.062007816166610155e+03
6.281250000000000741e-08 -9.305742187500000000e+02 1.400192058643776818e+03
6.304687500000000517e-08 -5.615742187500000000e+02 2.472707439992124819e+03
6.328125000000000293e-08 -7.657421875000000000e+01 1.673783604349385314e+03
6.351562500000001392e-08 8.374257812500000000e+02 7.006263218528397374e+01
6.375000000000001167e-08 1.133425781250000000e+03 -1.799498763602871122e+03
6.398437500000000943e-08 5.514257812500000000e+02 -2.784800760985806846e+03
6.421875000000000719e-08 3.364257812500000000e+02 -1.311589832715878174e+03
6.445312500000000494e-08 1.614257812500000000e+02 1.315488377432821608e+03
6.468750000000000270e-08 5.824257812500000000e+02 3.961009115180366734e+03
6.492187500000001369e-08 7.094257812500000000e+02 4.365821686155076350e+03
6.515625000000001144e-08 2.742578125000000000e+01 1.801071421257322982e+03
6.539062500000000920e-08 -1.725742187500000000e+02 -1.377544728772034887e+03
6.562500000000000696e-08 -1.885742187500000000e+02 -3.769664967496886220e+03
6.585937500000000471e-08 2.104257812500000000e+02 -3.815099526131545645e+03
6.609375000000000247e-08 4.004257812500000000e+02 -1.928883733131181316e+03
6.632812500000001346e-08 6.174257812500000000e+02 1.145204471041874513e+03
6.656250000000001122e-08 7.044257812500000000e+02 3.697731783653202001e+03
6.679687500000000897e-08 9.844257812500000000e+02 4.825218453858738030e+03
6.703125000000000673e-08 1.838425781250000000e+03 4.649730591765952340e+03
6.726562500000000448e-08 2.281425781250000000e+03 2.932999436114173932e+03
6.750000000000000224e-08 1.778425781250000000e+03 3.633177359706635912e+02
6.773437500000001323e-08 1.568425781250000000e+03 -8.526682627331031199e+02
6.796875000000001099e-08 1.093425781250000000e+03 -1.050354966950543712e+03
6.820312500000000874e-08 -4.457421875000000000e+01 -1.141599988278040428e+03
6.843750000000000650e-08 -7.835742187500000000e+02 -8.763694032181510920e+02
6.867187500000000425e-08 -1.204574218750000000e+03 -8.951239816196700758e+02
6.890625000000001525e-08 -1.301574218750000000e+03 -1.186202219349914003e+03
6.914062500000001300e-08 -1.318574218750000000e+03 -1.516088228117252356e+03
6.937500000000001076e-08 -1.657574218750000000e+03 -1.737534591720838762e+03
6.960937500000000851e-08 -1.363574218750000000e+03 -6.998637071956060254e+02
6.984375000000000627e-08 -3.805742187500000000e+02 1.322077079505336542e+03
7.007812500000000403e-08 1.089425781250000000e+03 3.453034944456815538e+03
7.031250000000001502e-08 2.187425781250000000e+03 4.239163357187027941e+03
7.054687500000001277e-08 2.069425781250000000e+03 2.716642894197899750e+03
7.078125000000001053e-08 8.804257812500000000e+02 -4.823975952252816342e+02
7.101562500000000828e-08 -3.035742187500000000e+02 -3.402127006178812280e+03
7.125000000000000604e-08 -3.685742187500000000e+02 -4.099013612210858810e+03
7.148437500000000380e-08 1.354257812500000000e+02 -2.772825395118851702e+03
7.171875000000001479e-08 8.554257812500000000e+02 -9.064749700595348259e+01
7.195312500000001254e-08 1.060425781250000000e+03 2.390763943232693236e+03
7.218750000000001030e-08 -3.415742187500000000e+02 2.645441194161371186e+03
7.242187500000000806e-08 -1.087574218750000000e+03 2.334311892333799278e+03
7.265625000000000581e-08 -6.335742187500000000e+02 1.983728818902872263e+03
7.289062500000000357e-08 -4.085742187500000000e+02 6.794193017094040670e+02
7.312500000000001456e-08 -1.243574218750000000e+03 -1.672286486622052507e+03
7.335937500000001231e-08 -2.225574218750000000e+03 -3.586537265154249326e+03
7.359375000000001007e-08 -2.394574218750000000e+03 -3.952056293343031030e+03
7.382812500000000783e-08 -2.142574218750000000e+03 -3.424641437471140307e+03
7.406250000000000558e-08 -1.346574218750000000e+03 -2.318226860992596812e+03
7.429687500000000334e-08 9.542578125000000000e+01 -8.214218015369286832e+02
7.453125000000001433e-08 2.684257812500000000e+02 -7.965265522643901477e+02
7.476562500000001208e-08 -3.245742187500000000e+02 -1.392696378315931725e+03
7.500000000000000984e-08 -8.725742187500000000e+02 -1.419735407909105561e+03
7.523437500000000760e-08 -1.340574218750000000e+03 -7.444468360288659596e+02
7.546875000000000535e-08 -1.369574218750000000e+03 6.540854111751361870e+02
7.570312500000001634e-08 -9.305742187500000000e+02 2.149561957623177022e+03
7.593750000000001410e-08 -1.206574218750000000e+03 1.930720111785130484e+03
7.617187500000001186e-08 -1.307574218750000000e+03 6.616777226762180817e+02
7.640625000000000961e-08 -8.515742187500000000e+02 -9.190057744056764477e+02
7.664062500000000737e-08 -4.475742187500000000e+02 -2.617290001573768677e+03
7.687500000000000512e-08 -8.885742187500000000e+02 -4.365470148475901624e+03
7.710937500000001611e-08 -1.117574218750000000e+03 -4.615214163776320675e+03
7.734375000000001387e-08 -1.505742187500000000e+02 -2.486099839546721796e+03
7.757812500000001163e-08 1.003425781250000000e+03 4.113486367072250118e+02
7.781250000000000938e-08 1.345425781250000000e+03 2.328575031451676296e+03
7.804687500000000714e-08 2.120425781250000000e+03 4.001340393248732653e+03
7.828125000000000489e-08 2.572425781250000000e+03 4.606494810092920488e+03
7.851562500000001589e-08 3.049425781250000000e+03 4.784804205494010603e+03
7.875000000000001364e-08 3.461425781250000000e+03 4.817432791763315436e+03
7.898437500000001140e-08 3.011425781250000000e+03 4.079930436298415316e+03
7.921875000000000915e-08 1.779425781250000000e+03 2.539639548438311522e+03
7.945312500000000691e-08 -1.075742187500000000e+02 7.622994567185190817e+01
7.968750000000000467e-08 -6.645742187500000000e+02 -1.438674332704646304e+03
7.992187500000001566e-08 -1.087574218750000000e+03 -2.994647112634393579e+03
8.015625000000001341e-08 -2.148574218750000000e+03 -4.879802267717107497e+03
8.039062500000001117e-08 -2.367574218750000000e+03 -5.114037507371444008e+03
8.062500000000000892e-08 -1.604574218750000000e+03 -3.361170772814020893e+03
8.085937500000000668e-08 -1.075742187500000000e+02 -1.488471467170458595e+02
8.109375000000000444e-08 9.574257812500000000e+02 2.697595209084400267e+03
8.132812500000001543e-08 1.153425781250000000e+03 4.021229173453977637e+03
8.156250000000001318e-08 5.824257812500000000e+02 3.503837093471723165e+03
8.179687500000001094e-08 2.694257812500000000e+02 2.246354273454697250e+03
8.203125000000000870e-08 -1.905742187500000000e+02 3.445759774943199432e+02
8.226562500000000645e-08 3.054257812500000000e+02 -4.572123388630787417e+02
8.250000000000001744e-08 1.330425781250000000e+03 -1.300399213968657364e+02
8.273437500000001520e-08 1.016425781250000000e+03 -4.584767353702732748e+02
8.296875000000001295e-08 -2.035742187500000000e+02 -1.263405709132725860e+03
8.320312500000001071e-08 -1.231574218750000000e+03 -1.830412297156925888e+03
8.343750000000000847e-08 -1.135574218750000000e+03 -1.500239120409019961e+03
8.367187500000000622e-08 -3.195742187500000000e+02 -7.033867970642883165e+02
8.390625000000001721e-08 5.704257812500000000e+02 1.047571319055920611e+02
8.414062500000001497e-08 5.854257812500000000e+02 2.294154009191919386e+02
8.437500000000001273e-08 -1.805742187500000000e+02 -9.395768333744678102e+01
8.460937500000001048e-08 -7.985742187500000000e+02 -8.579644968556067397e+00
8.484375000000000824e-08 -1.581574218750000000e+03 -9.311212069681027970e+01
8.507812500000000599e-08 -1.396574218750000000e+03 4.488359182626314805e+02
8.531250000000001698e-08 -1.785742187500000000e+02 1.437242474097001605e+03
8.554687500000001474e-08 1.411425781250000000e+03 2.187758547861411898e+03
8.578125000000001250e-08 1.631425781250000000e+03 1.198406099675233236e+03
8.601562500000001025e-08 8.114257812500000000e+02 -7.680407606968212804e+02
8.625000000000000801e-08 3.134257812500000000e+02 -1.890827546527659933e+03
8.648437500000000576e-08 -3.525742187500000000e+02 -2.379962949508583733e+03
8.671875000000001676e-08 -9.815742187500000000e+02 -2.083038190153376036e+03
8.695312500000001451e-08 -2.058574218750000000e+03 -1.885893785528061017e+03
8.718750000000001227e-08 -2.527574218750000000e+03 -1.321494245128809098e+03
8.742187500000001002e-08 -2.392574218750000000e+03 -8.854426308255056028e+02
8.765625000000000778e-08 -1.783574218750000000e+03 -8.263684280162342475e+02
8.789062500000000554e-08 -3.605742187500000000e+02 -4.446158659498349834e+02
8.812500000000001653e-08 1.468425781250000000e+03 5.326553025088636559e+02
8.835937500000001428e-08 2.328425781250000000e+03 1.362128028482491118e+03
8.859375000000001204e-08 2.770425781250000000e+03 2.781995174165131175e+03
8.882812500000000979e-08 2.872425781250000000e+03 4.427628158013331813e+03
8.906250000000000755e-08 2.640425781250000000e+03 5.400342059674090706e+03
8.929687500000000531e-08 2.072425781250000000e+03 4.801366918201265435e+03
8.953125000000001630e-08 1.036425781250000000e+03 2.142873436028902233e+03
8.976562500000001405e-08 7.514257812500000000e+02 -8.789459472184640845e+02
9.000000000000001181e-08 1.206425781250000000e+03 -3.106840924740190985e+03
9.023437500000000957e-08 1.500425781250000000e+03 -4.117671430405081082e+03
9.046875000000000732e-08 1.453425781250000000e+03 -3.274183854318479007e+03
9.070312500000001831e-08 6.354257812500000000e+02 -1.138542220731279940e+03
9.093750000000001607e-08 3.542578125000000000e+01 2.210419993853292908e+03
9.117187500000001382e-08 -3.585742187500000000e+02 5.220975509601275007e+03
9.140625000000001158e-08 -1.045574218750000000e+03 6.057373366308210279e+03
9.164062500000000934e-08 -1.911574218750000000e+03 4.253836362034959166e+03
9.187500000000000709e-08 -1.803574218750000000e+03 1.330074264589463382e+03
9.210937500000001808e-08 -6.795742187500000000e+02 -1.573995377916963889e+03
9.234375000000001584e-08 -3.457421875000000000e+01 -4.591906371046678032e+03
9.257812500000001360e-08 5.104257812500000000e+02 -6.207184078774054797e+03
9.281250000000001135e-08 9.484257812500000000e+02 -5.839722580479428871e+03
9.304687500000000911e-08 1.263425781250000000e+03 -3.572859569410352833e+03
9.328125000000000686e-08 9.444257812500000000e+02 -5.590495374741610703e+02
9.351562500000001785e-08 -2.285742187500000000e+02 1.964080071053229403e+03
9.375000000000001561e-08 -1.449574218750000000e+03 3.680243693323403022e+03
9.398437500000001337e-08 -1.727574218750000000e+03 4.670902468252321341e+03
9.421875000000001112e-08 -1.506574218750000000e+03 4.102010044051215118e+03
9.445312500000000888e-08 -9.525742187500000000e+02 2.122430432237820696e+03
9.468750000000000663e-08 -3.915742187500000000e+02 -6.345282390776477541e+02
9.492187500000001762e-08 -8.057421875000000000e+01 -3.173802042906411771e+03
9.515625000000001538e-08 4.842578125000000000e+01 -4.415104960885997571e+03
9.539062500000001314e-08 2.004257812500000000e+02 -3.844094706746013344e+03
9.562500000000001089e-08 -6.574218750000000000e+00 -2.366464737340182637e+03
9.585937500000000865e-08 4.242578125000000000e+01 -4.137999162584152941e+02
9.609375000000000640e-08 2.704257812500000000e+02 9.701977033638618195e+02
9.632812500000001740e-08 -1.985742187500000000e+02 5.737556275169000628e+02
9.656250000000001515e-08 -6.195742187500000000e+02 -4.052824273877715768e+02
9.679687500000001291e-08 -5.635742187500000000e+02 -6.479486510469459972e+02
9.703125000000001066e-08 -4.385742187500000000e+02 1.109194299043704177e+02
9.726562500000000842e-08 -3.175742187500000000e+02 1.718288963197534940e+03
9.750000000000000618e-08 1.854257812500000000e+02 3.679747992178620734e+03
9.773437500000001717e-08 6.744257812500000000e+02 4.433117682288157994e+03
9.796875000000001492e-08 4.414257812500000000e+02 2.597857034137957271e+03
9.820312500000001268e-08 -3.215742187500000000e+02 -1.265074259477765963e+03
9.843750000000001043e-08 -7.395742187500000000e+02 -4.935908310014349809e+03
9.867187500000000819e-08 -6.585742187500000000e+02 -6.629572929361016577e+03
9.890625000000001918e-08 -6.457421875000000000e+01 -5.338584770801026934e+03
9.914062500000001694e-08 2.994257812500000000e+02 -2.050249513329657020e+03
9.937500000000001469e-08 1.119425781250000000e+03 2.540235796209248747e+03
9.960937500000001245e-08 1.793425781250000000e+03 6.067568966176111644e+03
9.984375000000001021e-08 1.976425781250000000e+03 7.000794443975053582e+03
1.000781250000000080e-07 1.717425781250000000e+03 5.372571220273205654e+03
1.003125000000000190e-07 1.166425781250000000e+03 2.375167921760479658e+03
1.005468750000000167e-07 -2.335742187500000000e+02 -1.155904755625535017e+03
1.007812500000000145e-07 -1.638574218750000000e+03 -3.470310235998315875e+03
1.010156250000000122e-07 -1.687574218750000000e+03 -3.228329720674405053e+03
1.012500000000000100e-07 -1.060574218750000000e+03 -1.864641636578552607e+03
1.014843750000000077e-07 -1.845742187500000000e+02 -6.485533955338280521e+02
1.017187500000000187e-07 1.404257812500000000e+02 -6.813040648047631294e+02
1.019531250000000165e-07 -4.305742187500000000e+02 -1.885965360107893503e+03
1.021875000000000142e-07 -8.235742187500000000e+02 -2.411242782470113525e+03
1.024218750000000120e-07 -2.005742187500000000e+02 -9.220596784559879779e+02
1.026562500000000097e-07 9.084257812500000000e+02 1.828812550436564834e+03
1.028906250000000075e-07 1.024425781250000000e+03 3.497577084989629839e+03
1.031250000000000185e-07 2.984257812500000000e+02 3.281164179127320494e+03
1.033593750000000163e-07 -6.555742187500000000e+02 1.401660198868550196e+03
1.035937500000000140e-07 -1.332574218750000000e+03 -1.166247089242059246e+03
1.038281250000000118e-07 -2.051574218750000000e+03 -3.678173286702823134e+03
1.040625000000000095e-07 -2.035574218750000000e+03 -4.366706356720543226e+03
1.042968750000000073e-07 -8.665742187500000000e+02 -2.522023675042354171e+03
1.045312500000000183e-07 7.024257812500000000e+02 5.262552862116824599e+02
1.047656250000000028e-07 2.098425781250000000e+03 3.157080425428037415e+03
